This folder: /home/daniella/Desktop/linux-icon-getter

  File: ./kiri.py
  Size: 648       	Blocks: 8          IO Block: 4096   regular file
Device: 8,38	Inode: 9452577     Links: 1
Access: (0664/-rw-rw-r--)  Uid: ( 1000/daniella)   Gid: ( 1000/daniella)
Access: 2023-09-13 22:32:21.131230281 -0300
Modify: 2023-09-13 22:29:55.791246350 -0300
Change: 2023-09-13 22:30:25.551232949 -0300
 Birth: 2023-09-13 22:29:55.791246350 -0300
IPFS hash: QmaUum7x5JQhMxbrmPwdo2UQqTcrYm75Y7ub8YJnrdcV1V
------------------------------
  File: ./zpangwin.py
  Size: 5760      	Blocks: 16         IO Block: 4096   regular file
Device: 8,38	Inode: 9452584     Links: 1
Access: (0664/-rw-rw-r--)  Uid: ( 1000/daniella)   Gid: ( 1000/daniella)
Access: 2023-09-13 22:33:05.999247939 -0300
Modify: 2023-09-13 22:32:51.547241214 -0300
Change: 2023-09-13 22:33:26.583259142 -0300
 Birth: 2023-09-13 22:32:51.543241212 -0300
IPFS hash: QmTyb8r7Ktg8EKV18iQzuouNAJhNdxYe6YRz9QTXf4pBkw
------------------------------