This folder: /home/daniella/Desktop/so-linuxicons-getter

  File: ./stackoverflow-2.py
  Size: 489       	Blocks: 8          IO Block: 4096   regular file
Device: 8,38	Inode: 9452584     Links: 1
Access: (0664/-rw-rw-r--)  Uid: ( 1000/daniella)   Gid: ( 1000/daniella)
Access: 2023-09-13 22:24:37.719833852 -0300
Modify: 2023-09-13 22:24:23.963882433 -0300
Change: 2023-09-13 22:24:23.971882404 -0300
 Birth: 2023-09-13 22:24:23.959882447 -0300
IPFS hash: QmPu9KvkwdRz1eaaqDL2pd3GsopwARi4bv5Nx8j3U4r4eT
------------------------------
  File: ./stackoverflow.py
  Size: 446       	Blocks: 8          IO Block: 4096   regular file
Device: 8,38	Inode: 9247818     Links: 1
Access: (0664/-rw-rw-r--)  Uid: ( 1000/daniella)   Gid: ( 1000/daniella)
Access: 2023-09-13 22:21:16.820809184 -0300
Modify: 2023-09-13 22:19:30.237608259 -0300
Change: 2023-09-13 22:20:07.945299128 -0300
 Birth: 2023-09-13 22:19:30.237608259 -0300
IPFS hash: QmVv6ohhCAya5NrU5ATcMdoYLAZKwEmMep3aPh2g9FE42N
------------------------------